date,sales,stock
01/01/2020,100,1000
01/02/2020,120,900
01/03/2020,130,780
01/04/2020,140,650
01/05/2020,150,510
01/06/2020,165,360
01/07/2020,180,1195
01/08/2020,190,1015
01/09/2020,205,825
01/10/2020,215,620
01/11/2020,230,1400
01/12/2020,,
01/01/2021,,
01/02/2021,,
01/03/2021,,
01/04/2021,,
01/05/2021,,
01/06/2021,,
01/07/2021,,
01/08/2021,,
01/09/2021,,
01/10/2021,,
